{
 "cells": [
  {
   "cell_type": "code",
   "execution_count": 1,
   "metadata": {},
   "outputs": [],
   "source": [
    "#https://www.sbert.net/\n",
    "#Find sentence similarity"
   ]
  },
  {
   "cell_type": "code",
   "execution_count": 1,
   "metadata": {},
   "outputs": [
    {
     "name": "stderr",
     "output_type": "stream",
     "text": [
      "/Users/sangdo/Library/Python/3.9/lib/python/site-packages/sentence_transformers/cross_encoder/CrossEncoder.py:11: TqdmExperimentalWarning: Using `tqdm.autonotebook.tqdm` in notebook mode. Use `tqdm.tqdm` instead to force console mode (e.g. in jupyter console)\n",
      "  from tqdm.autonotebook import tqdm, trange\n",
      "/Users/sangdo/Library/Python/3.9/lib/python/site-packages/transformers/tokenization_utils_base.py:1601: FutureWarning: `clean_up_tokenization_spaces` was not set. It will be set to `True` by default. This behavior will be depracted in transformers v4.45, and will be then set to `False` by default. For more details check this issue: https://github.com/huggingface/transformers/issues/31884\n",
      "  warnings.warn(\n"
     ]
    },
    {
     "name": "stdout",
     "output_type": "stream",
     "text": [
      "(3, 384)\n",
      "tensor([[1.0000, 0.6660, 0.1046],\n",
      "        [0.6660, 1.0000, 0.1411],\n",
      "        [0.1046, 0.1411, 1.0000]])\n"
     ]
    }
   ],
   "source": [
    "from sentence_transformers import SentenceTransformer\n",
    "\n",
    "# 1. Load a pretrained Sentence Transformer model\n",
    "model = SentenceTransformer(\"all-MiniLM-L6-v2\")\n",
    "\n",
    "# The sentences to encode\n",
    "sentences = [\n",
    "    \"The weather is lovely today.\",\n",
    "    \"It's so sunny outside!\",\n",
    "    \"He drove to the stadium.\",\n",
    "]\n",
    "\n",
    "# 2. Calculate embeddings by calling model.encode()\n",
    "embeddings = model.encode(sentences)\n",
    "print(embeddings.shape)\n",
    "# [3, 384]\n",
    "\n",
    "# 3. Calculate the embedding similarities\n",
    "similarities = model.similarity(embeddings, embeddings)\n",
    "print(similarities)\n",
    "# tensor([[1.0000, 0.6660, 0.1046],\n",
    "#         [0.6660, 1.0000, 0.1411],\n",
    "#         [0.1046, 0.1411, 1.0000]])"
   ]
  },
  {
   "cell_type": "code",
   "execution_count": 6,
   "metadata": {},
   "outputs": [],
   "source": [
    "my_keywords = [\n",
    "   'forced displacement',\n",
    "'forced migration',\n",
    "'forced moving',\n",
    "'irregular migration',\n",
    "'forced flee',\n",
    "'asylum',\n",
    "'migrant people',\n",
    "'evacuated',\n",
    "'eviction',\n",
    "'expulsion',\n",
    "'deportation',\n",
    "'relocation',\n",
    "'banishment',\n",
    "'exile',\n",
    "'displacement crisis',\n",
    "'refugee crisis'\n",
    "]"
   ]
  },
  {
   "cell_type": "code",
   "execution_count": 3,
   "metadata": {},
   "outputs": [
    {
     "name": "stdout",
     "output_type": "stream",
     "text": [
      "(16, 384)\n",
      "tensor([[1.0000, 0.4357, 0.6796, 0.3249, 0.4538, 0.1836, 0.1677, 0.2146, 0.3876,\n",
      "         0.3653, 0.2691, 0.4066, 0.2798, 0.3383, 0.6562, 0.2593],\n",
      "        [0.4357, 1.0000, 0.5656, 0.7707, 0.5004, 0.3381, 0.5821, 0.2963, 0.3424,\n",
      "         0.4583, 0.5429, 0.6257, 0.2668, 0.4239, 0.5233, 0.5373],\n",
      "        [0.6796, 0.5656, 1.0000, 0.3940, 0.6372, 0.2422, 0.2424, 0.3388, 0.4599,\n",
      "         0.4336, 0.3259, 0.4801, 0.2983, 0.3386, 0.4344, 0.2592],\n",
      "        [0.3249, 0.7707, 0.3940, 1.0000, 0.2655, 0.2548, 0.4839, 0.2905, 0.2761,\n",
      "         0.3603, 0.4146, 0.5187, 0.1860, 0.3823, 0.4856, 0.4205],\n",
      "        [0.4538, 0.5004, 0.6372, 0.2655, 1.0000, 0.3066, 0.2374, 0.3586, 0.4261,\n",
      "         0.4066, 0.3868, 0.2973, 0.2564, 0.4329, 0.3980, 0.4167],\n",
      "        [0.1836, 0.3381, 0.2422, 0.2548, 0.3066, 1.0000, 0.3836, 0.3871, 0.3268,\n",
      "         0.4040, 0.4913, 0.2524, 0.1819, 0.4800, 0.3626, 0.5835],\n",
      "        [0.1677, 0.5821, 0.2424, 0.4839, 0.2374, 0.3836, 1.0000, 0.2468, 0.1669,\n",
      "         0.2339, 0.5097, 0.3921, 0.1574, 0.2557, 0.3733, 0.5964],\n",
      "        [0.2146, 0.2963, 0.3388, 0.2905, 0.3586, 0.3871, 0.2468, 1.0000, 0.4186,\n",
      "         0.4305, 0.3544, 0.4240, 0.2613, 0.3752, 0.4824, 0.4340],\n",
      "        [0.3876, 0.3424, 0.4599, 0.2761, 0.4261, 0.3268, 0.1669, 0.4186, 1.0000,\n",
      "         0.4194, 0.3384, 0.4181, 0.4527, 0.4262, 0.3905, 0.2536],\n",
      "        [0.3653, 0.4583, 0.4336, 0.3603, 0.4066, 0.4040, 0.2339, 0.4305, 0.4194,\n",
      "         1.0000, 0.5936, 0.3393, 0.5313, 0.6095, 0.4019, 0.3465],\n",
      "        [0.2691, 0.5429, 0.3259, 0.4146, 0.3868, 0.4913, 0.5097, 0.3544, 0.3384,\n",
      "         0.5936, 1.0000, 0.4075, 0.4028, 0.4850, 0.4989, 0.6161],\n",
      "        [0.4066, 0.6257, 0.4801, 0.5187, 0.2973, 0.2524, 0.3921, 0.4240, 0.4181,\n",
      "         0.3393, 0.4075, 1.0000, 0.1821, 0.3566, 0.5710, 0.4073],\n",
      "        [0.2798, 0.2668, 0.2983, 0.1860, 0.2564, 0.1819, 0.1574, 0.2613, 0.4527,\n",
      "         0.5313, 0.4028, 0.1821, 1.0000, 0.3987, 0.2428, 0.1588],\n",
      "        [0.3383, 0.4239, 0.3386, 0.3823, 0.4329, 0.4800, 0.2557, 0.3752, 0.4262,\n",
      "         0.6095, 0.4850, 0.3566, 0.3987, 1.0000, 0.4418, 0.3735],\n",
      "        [0.6562, 0.5233, 0.4344, 0.4856, 0.3980, 0.3626, 0.3733, 0.4824, 0.3905,\n",
      "         0.4019, 0.4989, 0.5710, 0.2428, 0.4418, 1.0000, 0.6541],\n",
      "        [0.2593, 0.5373, 0.2592, 0.4205, 0.4167, 0.5835, 0.5964, 0.4340, 0.2536,\n",
      "         0.3465, 0.6161, 0.4073, 0.1588, 0.3735, 0.6541, 1.0000]])\n"
     ]
    }
   ],
   "source": [
    "\n",
    "\n",
    "# 2. Calculate embeddings by calling model.encode()\n",
    "embeddings = model.encode(sentences)\n",
    "print(embeddings.shape)\n",
    "# [3, 384]\n",
    "\n",
    "# 3. Calculate the embedding similarities\n",
    "similarities = model.similarity(embeddings, embeddings)\n",
    "print(similarities)"
   ]
  },
  {
   "cell_type": "code",
   "execution_count": 24,
   "metadata": {},
   "outputs": [
    {
     "name": "stderr",
     "output_type": "stream",
     "text": [
      "/Users/sangdo/Library/Python/3.9/lib/python/site-packages/transformers/tokenization_utils_base.py:1601: FutureWarning: `clean_up_tokenization_spaces` was not set. It will be set to `True` by default. This behavior will be depracted in transformers v4.45, and will be then set to `False` by default. For more details check this issue: https://github.com/huggingface/transformers/issues/31884\n",
      "  warnings.warn(\n",
      "A parameter name that contains `beta` will be renamed internally to `bias`. Please use a different name to suppress this warning.\n",
      "A parameter name that contains `gamma` will be renamed internally to `weight`. Please use a different name to suppress this warning.\n",
      "A parameter name that contains `beta` will be renamed internally to `bias`. Please use a different name to suppress this warning.\n",
      "A parameter name that contains `gamma` will be renamed internally to `weight`. Please use a different name to suppress this warning.\n",
      "A parameter name that contains `beta` will be renamed internally to `bias`. Please use a different name to suppress this warning.\n",
      "A parameter name that contains `gamma` will be renamed internally to `weight`. Please use a different name to suppress this warning.\n",
      "A parameter name that contains `beta` will be renamed internally to `bias`. Please use a different name to suppress this warning.\n",
      "A parameter name that contains `gamma` will be renamed internally to `weight`. Please use a different name to suppress this warning.\n",
      "A parameter name that contains `beta` will be renamed internally to `bias`. Please use a different name to suppress this warning.\n",
      "A parameter name that contains `gamma` will be renamed internally to `weight`. Please use a different name to suppress this warning.\n",
      "A parameter name that contains `beta` will be renamed internally to `bias`. Please use a different name to suppress this warning.\n",
      "A parameter name that contains `gamma` will be renamed internally to `weight`. Please use a different name to suppress this warning.\n",
      "A parameter name that contains `beta` will be renamed internally to `bias`. Please use a different name to suppress this warning.\n",
      "A parameter name that contains `gamma` will be renamed internally to `weight`. Please use a different name to suppress this warning.\n",
      "A parameter name that contains `beta` will be renamed internally to `bias`. Please use a different name to suppress this warning.\n",
      "A parameter name that contains `gamma` will be renamed internally to `weight`. Please use a different name to suppress this warning.\n",
      "A parameter name that contains `beta` will be renamed internally to `bias`. Please use a different name to suppress this warning.\n",
      "A parameter name that contains `gamma` will be renamed internally to `weight`. Please use a different name to suppress this warning.\n",
      "A parameter name that contains `beta` will be renamed internally to `bias`. Please use a different name to suppress this warning.\n",
      "A parameter name that contains `gamma` will be renamed internally to `weight`. Please use a different name to suppress this warning.\n",
      "A parameter name that contains `beta` will be renamed internally to `bias`. Please use a different name to suppress this warning.\n",
      "A parameter name that contains `gamma` will be renamed internally to `weight`. Please use a different name to suppress this warning.\n",
      "A parameter name that contains `beta` will be renamed internally to `bias`. Please use a different name to suppress this warning.\n",
      "A parameter name that contains `gamma` will be renamed internally to `weight`. Please use a different name to suppress this warning.\n",
      "A parameter name that contains `beta` will be renamed internally to `bias`. Please use a different name to suppress this warning.\n",
      "A parameter name that contains `gamma` will be renamed internally to `weight`. Please use a different name to suppress this warning.\n",
      "A parameter name that contains `beta` will be renamed internally to `bias`. Please use a different name to suppress this warning.\n",
      "A parameter name that contains `gamma` will be renamed internally to `weight`. Please use a different name to suppress this warning.\n",
      "A parameter name that contains `beta` will be renamed internally to `bias`. Please use a different name to suppress this warning.\n",
      "A parameter name that contains `gamma` will be renamed internally to `weight`. Please use a different name to suppress this warning.\n",
      "A parameter name that contains `beta` will be renamed internally to `bias`. Please use a different name to suppress this warning.\n",
      "A parameter name that contains `gamma` will be renamed internally to `weight`. Please use a different name to suppress this warning.\n",
      "A parameter name that contains `beta` will be renamed internally to `bias`. Please use a different name to suppress this warning.\n",
      "A parameter name that contains `gamma` will be renamed internally to `weight`. Please use a different name to suppress this warning.\n",
      "A parameter name that contains `beta` will be renamed internally to `bias`. Please use a different name to suppress this warning.\n",
      "A parameter name that contains `gamma` will be renamed internally to `weight`. Please use a different name to suppress this warning.\n",
      "A parameter name that contains `beta` will be renamed internally to `bias`. Please use a different name to suppress this warning.\n",
      "A parameter name that contains `gamma` will be renamed internally to `weight`. Please use a different name to suppress this warning.\n",
      "A parameter name that contains `beta` will be renamed internally to `bias`. Please use a different name to suppress this warning.\n",
      "A parameter name that contains `gamma` will be renamed internally to `weight`. Please use a different name to suppress this warning.\n",
      "A parameter name that contains `beta` will be renamed internally to `bias`. Please use a different name to suppress this warning.\n",
      "A parameter name that contains `gamma` will be renamed internally to `weight`. Please use a different name to suppress this warning.\n",
      "A parameter name that contains `beta` will be renamed internally to `bias`. Please use a different name to suppress this warning.\n",
      "A parameter name that contains `gamma` will be renamed internally to `weight`. Please use a different name to suppress this warning.\n",
      "A parameter name that contains `beta` will be renamed internally to `bias`. Please use a different name to suppress this warning.\n",
      "A parameter name that contains `gamma` will be renamed internally to `weight`. Please use a different name to suppress this warning.\n",
      "A parameter name that contains `beta` will be renamed internally to `bias`. Please use a different name to suppress this warning.\n",
      "A parameter name that contains `gamma` will be renamed internally to `weight`. Please use a different name to suppress this warning.\n",
      "A parameter name that contains `beta` will be renamed internally to `bias`. Please use a different name to suppress this warning.\n",
      "A parameter name that contains `gamma` will be renamed internally to `weight`. Please use a different name to suppress this warning.\n",
      "A parameter name that contains `beta` will be renamed internally to `bias`. Please use a different name to suppress this warning.\n",
      "A parameter name that contains `gamma` will be renamed internally to `weight`. Please use a different name to suppress this warning.\n"
     ]
    }
   ],
   "source": [
    "#https://medium.com/@ahmetmnirkocaman/how-to-measure-text-similarity-a-comprehensive-guide-6c6f24fc01fe\n",
    "import torch\n",
    "from transformers import BertTokenizer, BertModel\n",
    "\n",
    "# Load pre-trained BERT tokenizer and model\n",
    "tokenizer = BertTokenizer.from_pretrained('bert-base-uncased')\n",
    "model = BertModel.from_pretrained('bert-base-uncased')\n",
    "\n",
    "def get_bert_embedding(text):\n",
    "    inputs = tokenizer(text, return_tensors=\"pt\", truncation=True, padding=True, max_length=512)\n",
    "    with torch.no_grad():\n",
    "        outputs = model(**inputs)\n",
    "    return outputs['last_hidden_state'][:,0,:].numpy()\n",
    "\n"
   ]
  },
  {
   "cell_type": "code",
   "execution_count": 28,
   "metadata": {},
   "outputs": [
    {
     "name": "stdout",
     "output_type": "stream",
     "text": [
      "[[-4.82790545e-02  1.88707173e-01 -2.84501791e-01  8.20895471e-03\n",
      "  -1.68738723e-01 -2.40851849e-01  3.05654556e-01  6.14515662e-01\n",
      "  -4.34817895e-02 -2.54329890e-01  1.18575513e-01 -1.83075666e-01\n",
      "   2.21544802e-02  3.11747164e-01  2.17019141e-01 -2.40800470e-01\n",
      "  -2.20295131e-01  4.35853392e-01  1.13098025e-01 -1.76946282e-01\n",
      "  -1.15935080e-01 -2.93850869e-01  4.80496287e-02 -7.50994086e-02\n",
      "   3.99268791e-02 -2.92973638e-01 -1.49473310e-01 -2.19300359e-01\n",
      "   7.09231123e-02 -8.24009627e-02 -2.20610306e-01  1.36881575e-01\n",
      "  -1.89691167e-02  1.96558177e-01  2.47169077e-01  1.82861164e-02\n",
      "   1.23751927e-02 -9.77790803e-02 -9.79008712e-03  3.94783199e-01\n",
      "  -2.48423591e-01 -1.19079635e-01  2.89639860e-01  1.02781974e-01\n",
      "   2.72590816e-02 -4.40243542e-01 -2.32959437e+00 -1.40872924e-02\n",
      "  -2.13703245e-01 -1.74342543e-02  2.58725911e-01 -1.04836591e-01\n",
      "   2.22964883e-01  1.41628698e-01  2.51893029e-02  2.07963258e-01\n",
      "  -2.90163875e-01  4.56730634e-01  8.28530863e-02  3.26748610e-01\n",
      "   1.42373905e-01 -6.10077679e-02 -2.14741066e-01  2.30007946e-01\n",
      "  -6.63292259e-02  1.58356786e-01 -4.38097753e-02  4.77696896e-01\n",
      "  -6.90554604e-02  5.61850071e-01 -2.66317338e-01 -9.61534306e-02\n",
      "   5.52087784e-01 -1.27789810e-01  5.79764396e-02  4.18372899e-02\n",
      "  -6.63279369e-03  3.01128149e-01 -1.12597674e-01  2.87499782e-02\n",
      "  -7.82993734e-02  2.00982720e-01  2.34923661e-02 -1.00715265e-01\n",
      "   2.14667171e-01  4.98338640e-01 -6.46383524e-01 -5.04795730e-01\n",
      "   2.99103916e-01  1.93590134e-01 -6.51103444e-04 -3.28856334e-02\n",
      "   1.59502313e-01  4.45292652e-01  3.58383566e-01 -4.76935685e-01\n",
      "  -2.17347324e-01  6.61709812e-03 -2.94516031e-02  3.41559470e-01\n",
      "  -2.11806037e-02 -1.30638704e-02  2.94258356e-01 -3.10398519e-01\n",
      "  -7.21301138e-03  4.22204956e-02 -1.26932010e-01 -5.54321148e-02\n",
      "   2.44195834e-01 -2.98577046e+00  3.92920852e-01  2.37430036e-01\n",
      "  -2.83089072e-01 -8.45757648e-02 -2.07690269e-01  3.98943007e-01\n",
      "   6.05778575e-01 -2.09168673e-01  1.10297576e-01 -8.31008703e-03\n",
      "  -2.96828836e-01  5.40216327e-01  3.69198062e-02 -3.33023071e-01\n",
      "   1.95132852e-01  4.49763030e-01  2.01549709e-01 -9.76429954e-02\n",
      "   2.00677663e-01 -2.39102915e-02  2.44106147e-02  2.57358521e-01\n",
      "   1.60259023e-01  9.93480906e-03  6.35765493e-04  1.05088644e-01\n",
      "   3.12951088e-01 -1.77686974e-01 -3.81633155e-02 -3.33043560e-02\n",
      "  -1.24949902e-01 -1.56041607e-01 -3.34918737e+00  2.36371934e-01\n",
      "   3.07475775e-01  2.93150097e-01 -2.59291768e-01 -3.00310642e-01\n",
      "   1.73627108e-01  1.72482785e-02 -1.57880947e-01 -5.19958697e-02\n",
      "  -2.66101003e-01  3.77756953e-01 -1.24824084e-01 -7.04514757e-02\n",
      "   6.95802122e-02 -3.27934802e-01  2.08132386e-01  1.87684566e-01\n",
      "   2.93265104e-01  7.89691657e-02  1.50227576e-01  8.90510231e-02\n",
      "  -3.06120217e-01  1.65955484e-01  1.84281066e-01  8.77112672e-02\n",
      "   1.40380859e-01 -9.59660560e-02 -2.71152765e-01  1.00489430e-01\n",
      "   3.50989580e-01  1.61116064e-01 -2.14855857e-02 -2.36706018e-01\n",
      "   1.63534060e-01  4.14847940e-01 -9.16117653e-02 -1.76612154e-01\n",
      "  -5.68383634e-02  1.56020656e-01 -1.99707255e-01 -9.59451646e-02\n",
      "   7.92868659e-02  2.08887607e-01  4.03502166e-01 -7.05191940e-02\n",
      "  -2.36005634e-01  3.14741880e-01  1.12591267e-01 -1.79469556e-01\n",
      "   1.02741040e-01  4.05649185e-01  3.35948735e-01 -2.72796452e-01\n",
      "   3.09817940e-01 -2.45847523e-01  3.44038904e-01  4.02960151e-01\n",
      "   1.85337335e-01 -2.03653112e-01 -2.46074274e-01  1.78509682e-01\n",
      "  -6.00946024e-02  3.74655199e+00 -1.09997332e-01 -3.07313591e-01\n",
      "   2.89867252e-01  4.81730133e-01 -1.93024233e-01  2.52126634e-01\n",
      "  -1.68774314e-02  1.61839470e-01  1.46888927e-01  7.81362057e-02\n",
      "   2.58348107e-01 -7.65468776e-02 -3.05652201e-01  2.86234111e-01\n",
      "   2.45769158e-01  2.12518573e-01  1.83576774e-02  8.41575339e-02\n",
      "  -1.25273198e-01  5.69710806e-02  4.42774035e-02  2.57322311e-01\n",
      "  -7.61427134e-02 -1.19606030e+00  1.35011822e-01  3.91536690e-02\n",
      "  -1.34762004e-01  4.13336843e-01 -6.59743696e-02  3.32229212e-02\n",
      "  -4.11942989e-01 -2.89690137e-01  2.52335072e-02  6.27757907e-02\n",
      "   1.13736868e-01  7.94744864e-02  1.83585167e-01  2.61611938e-01\n",
      "  -3.34336430e-01  3.74517560e-01  2.33737886e-01 -4.46462706e-02\n",
      "   2.37552017e-01  1.62627324e-02  2.54561812e-01 -2.36854970e-01\n",
      "   2.00923905e-01 -1.49531156e-01  9.45532247e-02  9.60460529e-02\n",
      "  -1.39496148e-01  2.74448663e-01 -2.79515088e-01 -4.05677482e-02\n",
      "  -3.56854677e-01  1.18041910e-01  1.29297376e-01  6.82709217e-02\n",
      "  -4.90753770e-01 -4.75497544e-02  2.18784362e-02 -3.34248066e-01\n",
      "   3.65210250e-02 -1.70139316e-02 -6.55101538e-02 -5.50946593e-02\n",
      "  -2.13981196e-01 -4.36664534e+00  2.81664044e-01  1.86601713e-01\n",
      "   2.66522735e-01  4.10680383e-01  8.05713534e-02  2.85083592e-01\n",
      "   2.72075683e-01  2.74172053e-02 -4.30267006e-01  5.14970183e-01\n",
      "   1.25689238e-01 -2.83962786e-01  1.50926039e-01 -2.96845913e-01\n",
      "   1.38308644e-01  7.58920461e-02  3.25512774e-02 -3.71545941e-01\n",
      "  -1.28521934e-01  3.77626210e-01  4.20776963e-01 -9.39619690e-02\n",
      "   3.84493649e-01  1.43179983e-01 -1.25738621e-01 -7.61911198e-02\n",
      "   1.91355664e-02  1.96467876e-01 -3.56471002e-01 -7.25521147e-03\n",
      "  -1.19228378e-01  3.20575595e-01  9.79519337e-02 -4.57643628e-01\n",
      "  -2.36602235e+00 -8.64842385e-02  8.45132098e-02 -3.03326249e-01\n",
      "  -2.26416253e-02 -2.69279778e-01  1.61945775e-01  1.96220323e-01\n",
      "  -1.31998271e-01  5.62873147e-02 -2.00082004e-01  9.67722982e-02\n",
      "  -1.44295514e-01  1.65038094e-01  1.90307796e-01  1.64339930e-01\n",
      "   2.56605864e-01  2.32049197e-01 -1.92557573e-02  1.62993342e-01\n",
      "  -4.22642887e-01  4.56309199e-01  1.44507829e-02  2.12211803e-01\n",
      "   9.23083425e-02  4.48598146e-01 -2.22913414e-01 -2.16753948e-02\n",
      "  -3.33422393e-01  1.33156240e-01  3.07701290e-01  7.42948130e-02\n",
      "   6.89527392e-02 -1.61294445e-01 -2.50736386e-01 -1.64437026e-01\n",
      "   1.47978276e-01  5.62507391e-01  4.95861769e-01  1.68804720e-01\n",
      "   1.19071938e-01  5.20904779e-01  5.18573597e-02  2.88874060e-01\n",
      "   3.89140159e-01  3.62493157e-01 -3.07969656e-02 -2.96711266e-01\n",
      "  -3.78061906e-02 -4.88156080e-03 -1.46623343e-01 -2.34497741e-01\n",
      "   1.04543698e+00 -2.04034567e-01  2.13277236e-01 -1.03660449e-01\n",
      "  -2.96497792e-02  2.10559860e-01 -3.78205813e-02  1.45088971e-01\n",
      "   3.69468808e-01 -1.41917720e-01  1.25689045e-01 -9.16676037e-03\n",
      "  -3.91994379e-02 -2.50291318e-01  1.66174069e-01 -3.91167223e-01\n",
      "   6.65388927e-02  2.27574587e-01 -2.84760147e-02  1.58161938e-01\n",
      "  -1.71211958e-02 -8.39401007e-01 -2.87083685e-01  4.00151610e-02\n",
      "  -2.81953514e-01  3.37503284e-01  3.00402492e-01 -1.02580167e-01\n",
      "  -2.16986164e-01  2.23256499e-02 -3.39846194e-01  3.78767818e-01\n",
      "  -2.18655974e-01 -7.39240497e-02  1.85411036e-01  1.31056443e-01\n",
      "  -2.56357700e-01  1.68266445e-02 -1.35513574e-01  3.46184522e-01\n",
      "  -1.43335797e-02  8.67012888e-02 -6.82193041e-02 -1.19223118e-01\n",
      "   4.79437411e-01 -9.28992331e-01  2.61717383e-02  9.65259373e-02\n",
      "   5.94695956e-02 -1.63592294e-01 -1.37862444e-01  6.95213526e-02\n",
      "  -4.73131984e-02 -8.41946453e-02 -2.14319348e-01  8.54711384e-02\n",
      "  -1.21431768e-01  2.36030817e-01 -1.28461704e-01 -5.53767458e-02\n",
      "  -2.47308031e-01  3.33318532e-01  5.00964463e-01  1.06399514e-01\n",
      "  -2.09821075e-01  6.07465059e-02 -1.23666480e-01  2.90262967e-01\n",
      "  -9.21200216e-02  1.84981525e-01 -1.03257105e-01 -1.87298566e-01\n",
      "  -5.53709209e-01 -1.02625750e-01 -1.50011390e-01 -4.35492963e-01\n",
      "  -1.17927589e-01 -1.63385957e-01  5.47706075e-02 -8.59649703e-02\n",
      "  -3.21028650e-01 -4.25874412e-01  6.97305501e-02 -3.73105407e-01\n",
      "  -1.69971019e-01  1.13205537e-01 -5.40139899e-03  6.03991300e-02\n",
      "   8.67684409e-02 -1.36176229e-01 -2.59613097e-01  3.77756149e-01\n",
      "   5.32310829e-02  2.72535861e-01 -2.78501570e-01 -9.09646451e-02\n",
      "  -2.16966182e-01  1.49906754e-01 -1.05856270e-01 -3.07637155e-01\n",
      "   7.51662813e-03 -3.28546107e-01  1.58990070e-01  1.38198495e-01\n",
      "   1.43655598e-01  1.14260599e-01 -4.40838188e-02  3.27429265e-01\n",
      "  -1.48090243e-01  1.75145060e-01 -8.56858611e-01  2.84614563e-01\n",
      "   1.50424108e-01 -1.09547809e-01  2.65489638e-01  4.62369807e-02\n",
      "  -2.67612755e-01  4.61395919e-01 -2.15832740e-02  3.37421566e-01\n",
      "   1.15278363e-01 -8.06622505e-02  1.14822593e-02  1.70142546e-01\n",
      "   4.53302227e-02  1.98749825e-01  4.64985758e-01 -1.27037764e-01\n",
      "  -3.55026096e-01 -1.42837912e-01 -7.06224442e-02  6.63369358e-01\n",
      "   4.63015065e-02 -1.62689805e-01 -4.94456962e-02 -1.16661631e-01\n",
      "  -1.93273216e-01  4.23414499e-01 -2.00313762e-01  9.26646143e-02\n",
      "   1.80229582e-02 -4.16409999e-01 -3.30930173e-01 -3.02031070e-01\n",
      "  -1.70891002e-01  1.11616783e-01  3.21618438e-01 -5.98874800e-02\n",
      "   1.19317912e-01  4.05280322e-01 -2.51182735e-01  4.90190297e-01\n",
      "  -1.28434002e-02 -3.17983702e-02  4.24091399e-01  2.76442230e-01\n",
      "  -3.61371696e-01  1.95326164e-01  3.37039232e-02 -6.58050537e-01\n",
      "  -3.95250589e-01 -2.59495676e-01  8.22350010e-02 -2.50275820e-01\n",
      "  -7.41903484e-03 -1.36054486e-01  2.93751150e-01 -6.19102269e-02\n",
      "  -6.89186156e-02  1.72663242e-01  5.80659956e-02 -3.90151650e-01\n",
      "  -3.96044925e-02  8.53123814e-02 -3.45045358e-01 -2.79883146e-01\n",
      "   1.47670105e-01 -6.11038320e-03 -1.89246163e-02 -3.77540141e-02\n",
      "   4.63602990e-01  2.52255313e-02 -1.05770037e-01  1.52574871e-02\n",
      "  -5.85045874e-01  2.30573460e-01 -3.40663269e-02  8.70059133e-02\n",
      "   1.72625691e-01 -1.61302447e-01  2.10658729e-01 -6.00479364e-01\n",
      "  -4.34448123e-01  1.15019538e-01 -6.61093518e-02  2.93156028e-01\n",
      "   5.18069118e-02  7.04657733e-02 -1.92138851e-01 -9.79464799e-02\n",
      "  -1.75593257e-01 -2.82915175e-01  2.41648838e-01 -4.72269282e-02\n",
      "  -6.64387420e-02 -2.34115478e-02  7.92601854e-02  2.70750850e-01\n",
      "   7.80207962e-02  1.57451451e-01 -9.81355086e-02  5.80412745e-01\n",
      "   2.06702054e-01 -2.32644752e-02  1.61432371e-01  1.41792521e-01\n",
      "   3.73453736e-01  1.06164083e-01 -1.92555159e-01 -2.84985572e-01\n",
      "  -2.61799216e-01 -9.87386107e-02 -4.52643007e-01 -2.39581570e-01\n",
      "   1.27971321e-01  1.74678117e-03  2.19247371e-01  6.14832193e-02\n",
      "   2.41390252e+00  2.99083650e-01  3.80240381e-03 -7.56156445e-02\n",
      "   3.23560387e-01  1.99821666e-01 -2.32811481e-01  9.38706994e-02\n",
      "  -1.34855807e-01  4.72295016e-01 -7.46648610e-02  1.88397393e-01\n",
      "  -2.63921082e-01  1.40645355e-01  5.83871245e-01  1.36731043e-02\n",
      "  -1.54768363e-01 -8.72679576e-02 -3.93730164e-01 -1.85614266e-02\n",
      "  -2.45056346e-01  4.47259367e-01  2.73563236e-01 -1.55992851e-01\n",
      "  -2.75902972e-02  3.25432360e-01 -3.29364240e-02  1.48092285e-02\n",
      "  -2.29799688e-01  1.26938954e-01 -1.34964824e-01 -2.43444845e-01\n",
      "  -7.26607367e-02  3.34173620e-01 -2.42729828e-01  3.38883162e-01\n",
      "   1.18672103e-03 -2.39053056e-01 -2.77105272e-01  1.85771212e-01\n",
      "  -1.73830554e-01 -3.19439352e-01  3.25427473e-01 -2.37687677e-03\n",
      "   8.53330195e-02  4.37133342e-01 -2.81343579e-01 -2.75481403e-01\n",
      "   1.66382134e-01 -9.36565325e-02 -1.06042497e-01 -1.62859023e-01\n",
      "  -1.42390624e-01  1.34998336e-01 -1.50085345e-01 -1.39690667e-01\n",
      "   3.30936730e-01 -1.55521110e-01 -4.65537667e-01  3.76597822e-01\n",
      "   1.13256402e-01 -1.54511584e-02  3.50654483e-01 -9.77122486e-02\n",
      "   1.35096252e-01  1.93908848e-02 -6.19448647e-02  1.93303615e-01\n",
      "   1.70971483e-01 -2.56309450e-01  5.81721961e-02  1.44825459e-01\n",
      "   1.44244283e-01 -5.14264368e-02  7.96909779e-02 -2.65396982e-02\n",
      "   6.78505749e-02 -1.07705735e-01 -2.06253141e-01 -3.61510992e+00\n",
      "  -1.31287817e-02 -2.92303227e-03 -3.87286171e-02  2.57004172e-01\n",
      "   3.01384896e-01  1.30628124e-01  5.21284938e-02  7.41770566e-02\n",
      "   1.24847777e-01  1.43888965e-01  2.04961181e-01  1.45682558e-01\n",
      "   1.68201819e-01  4.26777676e-02  1.19979173e-01  6.62683547e-02\n",
      "  -1.49443969e-01  1.51467651e-01 -1.66909128e-01 -1.11196198e-01\n",
      "   2.31490284e-01 -7.50952214e-03 -1.14253700e-01 -1.44779101e-01\n",
      "   7.74517283e-02 -2.45073885e-01 -3.22616875e-01  1.76629573e-01\n",
      "   2.59625077e-01 -3.21299225e-01  3.91745776e-01 -1.22322887e-03\n",
      "   5.66944703e-02 -1.25417970e-02 -1.58755690e-01  6.55062422e-02\n",
      "   7.00268745e-02  3.92896980e-01  8.61012004e-03  2.69464627e-02\n",
      "  -3.35269794e-02 -3.62520039e-01  2.74573803e-01 -2.24765316e-01\n",
      "   1.02197386e-01  3.19683224e-01 -6.62157685e-02  2.50127822e-01\n",
      "  -9.08785760e-02  1.31517515e-01  1.45147711e-01 -1.84477065e-02\n",
      "  -5.60923219e-02 -1.50232509e-01  2.66557753e-01  2.41036996e-01\n",
      "   3.89919728e-02 -1.99214920e-01 -3.87920171e-01  2.35765874e-01\n",
      "  -8.67647380e-02 -1.77451968e-03  1.05354890e-01  4.57644522e-01\n",
      "  -2.67228812e-01  6.48682341e-02 -1.62795156e-01 -5.51255606e-03\n",
      "   2.76942492e-01 -4.37439471e-01 -7.30717555e-02  1.09463036e-01\n",
      "   1.14840209e-01 -1.36572093e-01 -3.90871465e-02  3.54919940e-01\n",
      "   2.51095712e-01  2.77872384e-01  1.03513703e-01 -4.09238003e-02\n",
      "  -3.15152138e-01 -3.80751163e-01  1.35897100e-01  1.22010544e-01\n",
      "  -8.94806099e+00  7.58640245e-02 -2.59929240e-01 -2.11567178e-01\n",
      "   6.53932467e-02 -1.43926933e-01  3.27504456e-01 -2.84348547e-01\n",
      "   1.69666186e-02  9.06669050e-02  2.76135355e-01 -2.76171751e-02\n",
      "  -2.49543607e-01 -4.32920486e-01  1.24491923e-01  1.19381897e-01]]\n",
      "[[0.9952585]]\n"
     ]
    }
   ],
   "source": [
    "import math\n",
    "from sklearn.metrics.pairwise import cosine_similarity\n",
    "\n",
    "def cosine_similarity_bert(s1, s2):\n",
    "    emb1 = get_bert_embedding(s1)\n",
    "    emb2 = get_bert_embedding(s2)\n",
    "    #similarity = 1 - math.cos(emb1, emb2)\n",
    "    print(emb1)\n",
    "    # print(emb2)\n",
    "    return cosine_similarity(emb1, emb2)\n",
    "\n",
    "str1 = \"Your first text here\"\n",
    "str2 = \"Your second text here\"\n",
    "print(cosine_similarity_bert(str1, str2))"
   ]
  },
  {
   "cell_type": "code",
   "execution_count": 17,
   "metadata": {},
   "outputs": [
    {
     "name": "stdout",
     "output_type": "stream",
     "text": [
      "\n",
      "\n",
      "0.9999999,0.8924293,0.82935786,0.8667638,0.8565791,0.789289,0.8269162,0.814072,0.7824192,0.8646655,0.8966293,0.8591387,0.8876955,0.8122575,0.8626293,0.8396785\n",
      "\n",
      "\n",
      "0.8924293,0.9999999,0.90148246,0.91349983,0.88861036,0.8930931,0.8438357,0.8946433,0.75999266,0.8532928,0.84925693,0.93117565,0.8594335,0.9033333,0.85349464,0.8588233\n",
      "\n",
      "\n",
      "0.82935786,0.90148246,1.0,0.8668996,0.93531144,0.92744684,0.7968837,0.9306097,0.7516817,0.86560977,0.82953966,0.94263774,0.83199763,0.9326104,0.80267406,0.78844094\n",
      "\n",
      "\n",
      "0.8667638,0.91349983,0.8668996,1.0000002,0.85560954,0.8231665,0.8422899,0.83446604,0.7534604,0.8215398,0.8393786,0.8703648,0.8501533,0.84392047,0.8389851,0.82257354\n",
      "\n",
      "\n",
      "0.8565791,0.88861036,0.93531144,0.85560954,1.0000001,0.91159654,0.8416249,0.9352082,0.792055,0.9133309,0.8807529,0.9390461,0.8740717,0.932169,0.84618294,0.8288923\n",
      "\n",
      "\n",
      "0.789289,0.8930931,0.92744684,0.8231665,0.91159654,0.9999999,0.7915703,0.97034895,0.76316977,0.90570104,0.8064747,0.9668695,0.83351725,0.9709354,0.8062826,0.80420065\n",
      "\n",
      "\n",
      "0.8269162,0.8438357,0.7968837,0.8422899,0.8416249,0.7915703,0.99999994,0.8307852,0.79085374,0.84695816,0.8235531,0.8339379,0.8411079,0.8199965,0.85983837,0.8630682\n",
      "\n",
      "\n",
      "0.814072,0.8946433,0.9306097,0.83446604,0.9352082,0.97034895,0.8307852,1.0000002,0.78977907,0.92809266,0.826571,0.97612363,0.85234344,0.9681923,0.83283716,0.8254316\n",
      "\n",
      "\n",
      "0.7824192,0.75999266,0.7516817,0.7534604,0.792055,0.76316977,0.79085374,0.78977907,1.0,0.81105345,0.82560164,0.8045988,0.84837705,0.7791476,0.7705585,0.7616135\n",
      "\n",
      "\n",
      "0.8646655,0.8532928,0.86560977,0.8215398,0.9133309,0.90570104,0.84695816,0.92809266,0.81105345,0.9999998,0.8926966,0.9346532,0.8950705,0.9181338,0.86384046,0.83773094\n",
      "\n",
      "\n",
      "0.8966293,0.84925693,0.82953966,0.8393786,0.8807529,0.8064747,0.8235531,0.826571,0.82560164,0.8926966,1.0,0.87273026,0.92460686,0.835946,0.86460954,0.82574135\n",
      "\n",
      "\n",
      "0.8591387,0.93117565,0.94263774,0.8703648,0.9390461,0.9668695,0.8339379,0.97612363,0.8045988,0.9346532,0.87273026,1.0000001,0.88226247,0.9669504,0.85228467,0.8331589\n",
      "\n",
      "\n",
      "0.8876955,0.8594335,0.83199763,0.8501533,0.8740717,0.83351725,0.8411079,0.85234344,0.84837705,0.8950705,0.92460686,0.88226247,1.0,0.86777806,0.8553792,0.82484734\n",
      "\n",
      "\n",
      "0.8122575,0.9033333,0.9326104,0.84392047,0.932169,0.9709354,0.8199965,0.9681923,0.7791476,0.9181338,0.835946,0.9669504,0.86777806,1.0,0.83722997,0.8303065\n",
      "\n",
      "\n",
      "0.8626293,0.85349464,0.80267406,0.8389851,0.84618294,0.8062826,0.85983837,0.83283716,0.7705585,0.86384046,0.86460954,0.85228467,0.8553792,0.83722997,1.0,0.9453354\n",
      "\n",
      "\n",
      "0.8396785,0.8588233,0.78844094,0.82257354,0.8288923,0.80420065,0.8630682,0.8254316,0.7616135,0.83773094,0.82574135,0.8331589,0.82484734,0.8303065,0.9453354,1.0000001\n"
     ]
    }
   ],
   "source": [
    "for key1 in my_keywords:\n",
    "    print('\\n')\n",
    "    line = []\n",
    "    for key2 in my_keywords:\n",
    "        #print('key1: ' + key1 + ' key2: ' + key2)\n",
    "        line.append(str(cosine_similarity_bert(key1, key2)[0][0]))\n",
    "    joined = ','.join(line)\n",
    "    print(joined)"
   ]
  },
  {
   "cell_type": "code",
   "execution_count": 22,
   "metadata": {},
   "outputs": [
    {
     "data": {
      "text/plain": [
       "0.84200746"
      ]
     },
     "execution_count": 22,
     "metadata": {},
     "output_type": "execute_result"
    }
   ],
   "source": [
    "cosine_similarity_bert('forced displacement', 'forced stay')[0][0]"
   ]
  },
  {
   "cell_type": "code",
   "execution_count": 1,
   "metadata": {},
   "outputs": [
    {
     "name": "stderr",
     "output_type": "stream",
     "text": [
      "/Users/sangdo/Library/Python/3.9/lib/python/site-packages/sentence_transformers/cross_encoder/CrossEncoder.py:11: TqdmExperimentalWarning: Using `tqdm.autonotebook.tqdm` in notebook mode. Use `tqdm.tqdm` instead to force console mode (e.g. in jupyter console)\n",
      "  from tqdm.autonotebook import tqdm, trange\n",
      "/Users/sangdo/Library/Python/3.9/lib/python/site-packages/transformers/tokenization_utils_base.py:1601: FutureWarning: `clean_up_tokenization_spaces` was not set. It will be set to `True` by default. This behavior will be depracted in transformers v4.45, and will be then set to `False` by default. For more details check this issue: https://github.com/huggingface/transformers/issues/31884\n",
      "  warnings.warn(\n"
     ]
    },
    {
     "name": "stdout",
     "output_type": "stream",
     "text": [
      "The new movie is awesome \t\t The new movie is so great \t\t Score: 0.8939\n",
      "The cat sits outside \t\t The cat plays in the garden \t\t Score: 0.6788\n",
      "I love pasta \t\t Do you like pizza? \t\t Score: 0.5096\n",
      "I love pasta \t\t The new movie is so great \t\t Score: 0.2560\n",
      "I love pasta \t\t The new movie is awesome \t\t Score: 0.2440\n",
      "A man is playing guitar \t\t The cat plays in the garden \t\t Score: 0.2105\n",
      "The new movie is awesome \t\t Do you like pizza? \t\t Score: 0.1969\n",
      "The new movie is so great \t\t Do you like pizza? \t\t Score: 0.1692\n",
      "The cat sits outside \t\t A woman watches TV \t\t Score: 0.1310\n",
      "The cat plays in the garden \t\t Do you like pizza? \t\t Score: 0.0900\n"
     ]
    }
   ],
   "source": [
    "#Paraphrase mining is the task of finding paraphrases (texts with identical / similar meaning) in a large corpus of sentences\n",
    "#https://www.sbert.net/examples/applications/paraphrase-mining/README.html\n",
    "from sentence_transformers import SentenceTransformer\n",
    "from sentence_transformers.util import paraphrase_mining\n",
    "\n",
    "model = SentenceTransformer(\"all-MiniLM-L6-v2\")\n",
    "\n",
    "# Single list of sentences - Possible tens of thousands of sentences\n",
    "sentences = [\n",
    "    \"The cat sits outside\",\n",
    "    \"A man is playing guitar\",\n",
    "    \"I love pasta\",\n",
    "    \"The new movie is awesome\",\n",
    "    \"The cat plays in the garden\",\n",
    "    \"A woman watches TV\",\n",
    "    \"The new movie is so great\",\n",
    "    \"Do you like pizza?\",\n",
    "]\n",
    "\n",
    "paraphrases = paraphrase_mining(model, sentences)\n",
    "\n",
    "for paraphrase in paraphrases[0:10]:\n",
    "    score, i, j = paraphrase\n",
    "    print(\"{} \\t\\t {} \\t\\t Score: {:.4f}\".format(sentences[i], sentences[j], score))"
   ]
  },
  {
   "cell_type": "code",
   "execution_count": 26,
   "metadata": {},
   "outputs": [
    {
     "name": "stdout",
     "output_type": "stream",
     "text": [
      "1.0\n",
      "0.75\n",
      "0.5882352941176471\n",
      "0.5882352941176471\n",
      "0.5333333333333333\n",
      "0.23529411764705882\n",
      "0.6875\n",
      "0.29411764705882354\n",
      "0.375\n",
      "0.4117647058823529\n",
      "0.6\n",
      "0.6\n",
      "0.4117647058823529\n",
      "0.1875\n",
      "0.8666666666666667\n",
      "0.4117647058823529\n"
     ]
    }
   ],
   "source": [
    "#Jaccard Similarity\n",
    "def jaccard_similarity(word1, word2):\n",
    "    set1 = set(word1)\n",
    "    set2 = set(word2)\n",
    "\n",
    "    intersection = set1.intersection(set2)\n",
    "    union = set1.union(set2)\n",
    "\n",
    "    if len(union) == 0:\n",
    "        return 0.0  # Handle the case of empty sets\n",
    "    else:\n",
    "        return len(intersection) / len(union)\n",
    "\n",
    "# Example usage:\n",
    "for word in my_keywords:\n",
    "    similarity = jaccard_similarity('forced displacement', word)\n",
    "    print(str(similarity))"
   ]
  },
  {
   "cell_type": "code",
   "execution_count": 7,
   "metadata": {},
   "outputs": [
    {
     "name": "stdout",
     "output_type": "stream",
     "text": [
      "0.0\n",
      "9.0\n",
      "11.0\n",
      "17.0\n",
      "9.0\n",
      "16.0\n",
      "15.0\n",
      "16.0\n",
      "15.0\n",
      "16.0\n",
      "16.0\n",
      "15.0\n",
      "13.0\n",
      "15.0\n",
      "14.0\n",
      "16.0\n"
     ]
    }
   ],
   "source": [
    "import numpy as np\n",
    "\n",
    "def levenshtein_distance(s1, s2):\n",
    "    \"\"\"Calculates the Levenshtein distance between two strings.\n",
    "\n",
    "    Args:\n",
    "        s1 (str): The first string.\n",
    "        s2 (str): The second string.\n",
    "\n",
    "    Returns:\n",
    "        int: The Levenshtein distance.   \n",
    "\n",
    "    \"\"\"\n",
    "\n",
    "    # Create a distance matrix\n",
    "    distance = np.zeros((len(s1) + 1, len(s2) + 1))\n",
    "\n",
    "    # Initialize the first row and column\n",
    "    for i in range(len(s1) + 1):\n",
    "        distance[i, 0] = i\n",
    "    for j in range(len(s2) + 1):\n",
    "        distance[0, j] = j\n",
    "\n",
    "    # Fill in the rest of the matrix\n",
    "    for i in range(1, len(s1) + 1):\n",
    "        for j in range(1, len(s2) + 1):\n",
    "            if s1[i - 1] == s2[j - 1]:\n",
    "                cost = 0\n",
    "            else:\n",
